1000
1002
1003
1004
1005
1006
1007
1008
1009
1010
1011
1014
1017
1018
1030
1033
1034
1035
1036
1037
1038
1040
1042
1044
1046
1047
1048
1049
1050
1051
1052
1054
1056
1057
1058
1059
1061
1062
1065
1068
1072
1080
1081
629
637
640
645
647
654
655
656
660
662
664
667
668
669
671
672
674
675
678
681
682
684
685
686
687
690
691
694
696
697
698
699
700
703
704
706
707
708
709
712
713
714
715
716
717
718
719
720
721
723
724
727
728
729
730
731
735
737
738
740
741
742
743
744
745
746
748
749
751
752
753
755
756
757
758
759
760
762
763
765
766
767
769
770
771
772
774
775
776
777
778
779
780
781
783
784
785
786
787
788
789
790
791
792
793
794
795
796
797
798
799
801
802
803
805
806
808
809
810
811
812
813
814
816
817
818
823
824
826
827
828
831
832
833
834
835
836
838
840
841
842
844
851
852
853
855
856
857
859
862
864
865
868
869
871
872
873
874
875
876
877
880
881
882
883
884
888
890
891
892
893
896
897
898
899
900
902
903
904
905
907
908
910
912
915
916
917
918
920
922
923
925
927
930
932
933
936
937
938
944
946
953
954
957
960
965
971
972
974
976
977
978
979
980
981
985
986
987
989
991
992
993
995
996
997
998
